-9064205739967303926
-8851080465651860706
-8577793974984167467
-8506753121680343049
-8179696571377196343
-7035595311521233221
-6979009601393528305
-6793372344654376196
-6721275871212713107
-5853283219490791263
-5836712721750241043
-5724229211381618845
-5474534166738626732
-5295406722432110822
-4486735793742048456
-4139120506970431622
-3531010733861509224
-3502812237440225767
-3500952739670647904
-3192196152212361557
-3103623280178448563
-3012735523336833820
-2611942754802853877
-2485755489253332466
-1843841718527000032
-1357448859650435978
-1226616132180093302
-526297790353835480
87525036405911435
102803438682384370
123915153166534057
133951279593153098
309147110731177841
838917674904918929
907377342685655167
915138686513269986
1599616747255129866
1902485567021285373
2137363961725780446
2258298303471449587
2260086343981999216
2596166191887566130
3292684573089281720
3475103778609123968
4257495306862454335
4393385459803509043
5084935061089808569
5630024817116840217
5727006043507742260
5802667373809215777
6026387979078390668
6315788941603601900
6415667616051337874
6975398014604791502
8022969950049932327
8148049013219568693
8292974127508264280
8592956635163148272
8682774446756605391
9202882775552252367

-8870892051183354348
-7937106490384123521
-7218337514041439398
-6984260195881118559
-6770437320390326809
-6604049924393571722
-6366936381273489573
-6230724974554810598
-6135060378907766960
-6008261222495510231
-5197332431751623202
-4916079732949529056
-4563112119072194998
-3484960456196783950
-3412943658416063770
-3042355765335865847
-2534652001239476489
-2521849911774195150
-2441812762709460591
-2184447150601033635
-1914453114183646479
-1892497647436081209
-1736837666073945032
-1718951951937340747
-1381683207646654121
-1233579412224430608
-681559060007059383
-306673289780696879
519963612950868808
655997101781095826
675316376867990520
894818559444086543
1091307856109486930
1241850041831904042
2322892797180406959
2451572780709537997
2541292230457106101
2806216702372915187
3138294748056349571
3279959834337920431
3415247065930646502
3554130560904824779
3582822851633117573
4338401961185215343
4786649409371253001
4845119128683663793
4928677828642521099
5453200311578683840
5468101830300442542
6904123846422024671
7173807656523449938
7346907308406716243
7807676117334675716
7922180448155840391
8224672100001626067
8359353663151413903
8626122940249301392
8636148935146123332
8957010523324850182
9131684735211399937

