-9209385549778042648
-8484325148261495276
-8356847467666452727
-8188481268714976957
-8098912462753542444
-8052272787373710811
-7617206356581475247
-7359121456284197166
-7085278220588577494
-6656176691575618184
-6636083612470874831
-5870165328120973657
-5860909674047484338
-5750471950521559398
-5460702917148290043
-5327566713390602082
-5282285474341081911
-5280072609620501386
-4946948954373380882
-4539030643808210469
-4430012338009604097
-4390707852364223515
-4288345384676912877
-4279841514013582559
-4207283844678805989
-2861803749732117376
-2803736676425007046
-2624921790011668145
-2475502278341987652
-2249235138745574533
-2042929046636843550
-1874224034319217125
-1805519387764558538
-259099384251485573
250743221687975282
445108352656157031
459714882697282155
504093992912993188
1334097175941069821
2642252748237988248
2728714275440087464
2956067050769352235
3086182182851882701
3161937423378328020
3241129656782916079
4080058631273796444
4572643461360865888
5449466616097507455
5945538114795932907
6033041701101711989
6247463369497042727
6900004099854135080
7010501953443605400
7047380912299274959
7818546304916673298
7826478285960520664
8306219514860408339
8799755086223777338
9020440240588137244
9131874691997069243

-8884114573055649839
-8285495633034698339
-8131112650091893922
-7200563723923678380
-7000339460839720066
-6768539540986270854
-6654873468898886422
-6113008726563306956
-5660494803437957792
-5598849153955939445
-5581900834220117001
-5458569324036315449
-4713190965361518337
-4626699387308722213
-3776129881457148072
-3502356613788328441
-2112156903568632535
-1879533505781150887
-683010376571730686
-457526220174255264
372573144093203303
564678529703138143
669413543271060832
1579849714244427151
1703940382157418351
1754663539691226487
2106107879801487780
2182014425215469679
2189437701283914275
2292763068303486411
2679942717057205094
2697405591655262446
3037722587576777258
4106601248538561045
4415069982155507112
4621000500859469612
4642054770268511127
4668035406344707159
4737763669328435684
4983264683756841378
5132185072628639250
5437254802635149538
6057810105404590975
6146280564059273926
6706975027271097787
6932425184531725302
6947671869608567197
7167625846317587031
7359548810109997449
7455221575673604283
7594405480552430935
7698194991412979132
7703357185496132933
7841115087302120322
8581483737756809945
8588502818753912795
8712954164305497681
8750635914399363945
8774890096802008317
8793380431846295442

