-9070474592819256069
-7989199501689787653
-7775271444798939423
-7663787951197923584
-7499711532303142418
-6937931663336568012
-6910660591246156735
-6744264375172340722
-6676224301365664937
-6325298716446964242
-6141738195588869702
-5695271465149722893
-5319793810995011993
-5118746144494147816
-5093391080482494060
-5058019415492039770
-4605000838493248728
-3250309124686460863
-3225160826466141466
-3132033152018996483
-2675671638868346075
-2406291033979281278
-2270925405132233150
-2267228258483135191
-1914346166420987539
-1855939249418074193
-1268888880023020031
-1235414811034902913
-1103745368011794047
-1067807631180344608
-1043685762042858950
-538686534597948230
-33606661072098481
6734595985049228
37475564555273153
172212424233036037
751314723623301016
939640355655768516
1104131819936805161
1548321496881409703
1842633255440219154
2323346722819133319
4012210127936583161
4852982844436366705
4941090934374261334
5016229798136109369
5130412666095785382
5544965446791700124
5553790297833328445
5603393019906141230
5945298804311780146
6136438845893436895
6158031171395734970
6370422450804170075
6529281286432400158
6696133936214124964
7228933365884892315
7440123665129903636
7461691028281879733
9075222095476643023

-8872815504943973367
-8719364335770452431
-7254337813056023950
-6657573534773968038
-6522105932525172216
-6353312322509260375
-5847170635622800901
-5639995738930212258
-5574105064282500860
-5423384219774502209
-4851276928840942771
-4795971069677102668
-4697096415745513728
-4167305810201894501
-3954789525736908573
-3269285552721442610
-2711127145843357592
-2588375319403997949
-2574815559265274956
-2288334177006616679
-2029303113529271468
-1951162514460180097
-1864451654975695121
-1447575836263438925
-315663389630333243
-121784743846850925
14640686315698594
135762497218056969
414921710078165142
495864210317072511
729078400928525184
788822282067672560
1863861468594309293
2016051891035551678
2198518451820848001
2780513013030633105
3010735346119458310
3196341920065277844
3473810774342821710
3761722684923284948
4345677740925684360
4484633241715629691
4731004324792334772
4865618407528912684
4993836789026976744
5458574648122030008
5741143440184008956
5951647882427762460
6042201482961603268
6277168739783823934
6295826583414536895
6430275955604026312
6769398906449678431
7451724741622773785
7523493778499078628
8070622299201329434
8318877033890382326
8609457804524008249
9011073048491412741
9211518050000496918

