-9188252578993057904
-9121357257411035344
-9046133322017026091
-8781438732361255367
-8631591149852750096
-8606340810675666045
-7915850287461034192
-7555564533081095000
-7250507684702617157
-7218873632881578152
-6821832151981034774
-6799333897748527681
-6225573637486465283
-6149753690212333562
-6076784138280533622
-5957785305532434966
-5455495263695429211
-5428778328561974851
-5058854364785654982
-4984463477156081799
-4372380909887839090
-4193011191665348867
-4070859469534477897
-3362973562668931483
-2968018877141684946
-2231068040019317453
-1598975229576893132
-1350233722006513124
-885321052041375306
-339339125821769262
-330962893854927424
187327716196868180
348226878847645548
665199496234502129
1094113726341526752
1178082972731170130
2067980437971267034
3148605081770713320
3728523532743028825
3795610783035318708
4081874903301439533
4722863931615624736
5420900261272765940
5735652945779077161
6245523386876272135
6336186604690484822
6477709342907629213
6680016829357921733
6874706467844744611
6884247164806031124
7028084636997076893
7094158793366753227
7226824110412991263
7582778975244746796
7656537448586019508
8062271543708951275
8395649232892959965
8519196167821385016
8793617640909302720
8994844666334086247

-9135963997401386436
-9042332693637832679
-8621087851121053723
-8075710005320914912
-7669054017708473777
-7349850531288149247
-7116601513756591282
-6901981673211776472
-6857596748147888200
-6839751285992950830
-6514009028029769409
-6324772187974126048
-6226361659694153172
-6182076611792604000
-6145721762103075449
-6020492690040781333
-5407431379594968135
-5403435250078230401
-5224909368597153876
-5052629171760336455
-4906317642785431289
-4888571740700957002
-4004333574441279351
-3536972762425108783
-3237714724130292039
-3165624554679724475
-2945574839641577356
-2239601595300026718
-1884833818104907243
-1816493550833354431
-1811577501784340744
-785236725178921050
-681203027206924545
235775298202711943
431679970201750742
537665374542718523
1132389413667709467
1239183512880699639
1769462986271719605
1835039310501616775
2215862595530066497
2361105055296544924
3834212984712209773
4337290715090335942
5230438775122202961
5608118788749089472
5725645881709700275
5769165717481688180
5829782940637487008
6358273288228674851
6788927234437334462
6858133742202239941
6862104428875233107
7113268189469325600
7319618070105793123
7548953296080363507
8166790092535965881
8296161815566260471
8589134335743490033
8826848111527473732

